20.0652148 50.0949232
20.0650412 50.0791355
20.0385224 50.0853912
20.0329435 50.082406
20.0264899 50.0790506
20.0201847 50.0755265
20.0046383 50.0743017
19.9989789 50.0740094
19.9623745 50.0588268
19.9762713 50.0596288
19.9673821 50.0601733
20.0053735 50.0673967
20.0285576 50.0723553
20.0462495 50.0745301
20.0206008 50.0845139
20.0265424 50.0802621
20.0214207 50.0900802
20.0111263 50.0943601
20.013012 50.0978326
20.0120386 50.1019885
20.0043218 50.0937518
19.9999467 50.0945024
19.9963344 50.0950303
19.9477349 50.0682455
20.0225822 50.0154155
20.0232509 50.0157061
19.9908199 50.0178301
19.9614158 50.0418356
19.9504325 50.0136002
19.9568375 50.0123437
19.9266 50.0132364
19.9270187 50.0130891
20.104671 50.0719294
20.0917241 50.0691427
20.038829 50.0725634
20.0354966 50.0717112
19.9574804 50.0742389
19.9333778 50.0638069
19.9548544 50.0451313
19.9559492 50.0449752
19.9879318 50.0194846
19.9911047 50.0175261
19.9817019 50.023099
19.9771807 50.0266706
19.9649053 50.0386872
19.9988146 50.0144573
20.0068419 50.0166448
20.0120318 50.0161183
20.0191088 50.0160875
19.9646822 50.0134761
19.9277901 50.014605
19.9298976 50.0168118
19.9354419 50.0296814
19.9355476 50.0298428
19.9386995 50.0336366
19.9310383 50.0485659
19.9379944 50.0505021
19.9105088 50.0614171
19.9712619 50.0602495
19.9791251 50.0607329
19.979717 50.0616293
20.0127646 50.0694252
19.9779202 50.067816
19.9828213 50.0710634
19.9586869 50.0660336
19.9378802 50.0806532
19.9335828 50.0846959
20.0363368 50.0729622
20.0649239 50.0677728
20.0462366 50.0697018
20.0691728 50.0682318
20.0529645 50.0684904
20.0474844 50.0869688
20.0159618 50.0922428
20.0126964 50.0957618
19.9253445 50.0467346
19.9444165 50.0647859
20.0113895 50.0943659
20.0132092 50.0163114
19.9909193 50.0176811
20.0001625 50.0145666
20.0079316 50.0165006
19.9209755 50.059823
19.9204909 50.059873
19.9242497 50.059356
20.0666708 50.0699882
19.9466528 50.04412
20.0639455 50.0877219
19.964249 50.0499345
19.9675026 50.0490616
19.9779186 50.040657
19.9735519 50.0446668
19.9736012 50.0444481
19.9560511 50.0729422
19.9424201 50.0598125
19.9843731 50.0406485
19.9816557 50.0406845
19.9909354 50.0405501
19.9926422 50.0404364
20.0045173 50.0936634
20.0692229 50.0681729
19.9701478 50.0604483
20.0842806 50.0646239
20.085065 50.0647621
20.0713156 50.0664021
20.0946953 50.0698185
20.0954505 50.0698961
20.1168862 50.0728926
19.9705785 50.0665192
19.969156 50.0665336
19.9772962 50.0676305
19.9838195 50.0717726
20.0376791 50.0849127
20.0314521 50.0765045
20.0320304 50.0818674
20.0476955 50.0869571
20.0641733 50.0876862
20.0658531 50.0798254
20.0213069 50.0899399
20.0206236 50.0844645
20.0155689 50.0924696
20.0053794 50.0673624
19.931716 50.0305226
19.9592821 50.0649129
19.9593504 50.0649719
19.9598677 50.0657653
19.9477353 50.068204
20.0015026 50.0400632
19.9879379 50.0194336
19.9816801 50.02306
19.9764746 50.0272989
19.9702393 50.0334709
19.9644381 50.0390832
19.9379098 50.0806887
20.0200179 50.0159632
20.0308193 50.076939
19.9596415 50.0657692
19.898039 50.0207618
19.8975129 50.0203808
19.8894451 50.0183937
19.8890939 50.0179916
19.9181212 50.0602657
19.9175742 50.0603244
19.9220157 50.0450693
19.9259293 50.034407
19.9259736 50.0346305
19.9245395 50.0408245
19.924084 50.0414212
19.9465449 50.0435158
19.9475031 50.0440512
19.979396 50.0236435
19.977519 50.0184067
19.977579 50.0184095
19.9715955 50.0154486
19.9715857 50.015483
19.9989809 50.0739753
20.0112874 50.0740361
20.0115707 50.0739733
20.0659976 50.0786832
20.0298149 50.0721971
20.0046461 50.0742657
20.0474952 50.0748991
20.0655469 50.083516
20.0655949 50.0835633
20.0649285 50.0677378
20.075365 50.0648558
20.0747729 50.0649531
20.0707822 50.0667005
20.1044867 50.0719064
19.9782969 50.0406203
20.0453049 50.0698355
20.028057 50.0790591
20.0284153 50.0800692
19.9412017 50.0520683
19.9255938 50.0467789
19.942057 50.0522511
19.9131498 50.0301448
19.939381 50.0543131
19.9451482 50.0568069
19.9550071 50.0466859
19.9550582 50.0466922
19.9488976 50.0532057
19.9480787 50.053934
19.951063 50.0511328
19.9330989 50.0591774
19.9270698 50.0550028
19.9282103 50.0555551
19.9218144 50.0534121
19.9136821 50.0528046
19.914996 50.052734
19.9329612 50.0586597
19.9338703 50.0590323
19.9434277 50.0480432
19.9434749 50.0480539
19.9374895 50.0591186
19.9383699 50.0591266
19.9418181 50.0593419
19.9424031 50.0508567
19.941335 50.0514795
19.9408874 50.0584541
19.9607129 50.0424354
19.9402834 50.0358614
19.9407839 50.0369442
19.9430846 50.0414281
19.9432459 50.041641
19.9369696 50.0304829
19.9256516 50.0595283
19.930607 50.0602515
19.9033736 50.0629376
19.91121 50.0613357
19.9325964 50.0630575
19.9293711 50.0666264
19.9024616 50.0771424
19.9007259 50.0777847
19.9268115 50.0688451
19.9258957 50.0695929
19.9326155 50.0637373
19.8978548 50.0788496
19.9013737 50.0771602
19.8967465 50.0792294
19.889683 50.0813371
19.9160555 50.0728622
19.9150451 50.0730964
19.8819243 50.0818092
19.8831004 50.0820443
19.9058459 50.0758889
19.91077 50.074127
19.9099941 50.0742583
19.9200252 50.0717719
19.9192502 50.0719637
19.9386241 50.0662339
19.9396874 50.0662923
19.9389538 50.0666541
19.9453496 50.0678231
19.9449088 50.0707439
19.9456263 50.0646175
19.9511035 50.0650488
19.952247 50.065182
19.9449845 50.0641923
19.951684 50.0655639
19.9522054 50.0675583
19.9526646 50.0683695
19.9577358 50.0575518
19.9461278 50.0573064
19.9404365 50.0759118
19.9402228 50.0760026
19.9365297 50.0735113
19.9014789 50.0240483
19.9020484 50.0247654
19.9051892 50.0269345
19.9060382 50.0272566
19.9122283 50.0298144
19.924991 50.030727
19.9247237 50.0308033
19.9285009 50.0305096
19.9290919 50.0305452
19.9318972 50.0304972
19.9370237 50.0304747
19.9359338 50.0294996
19.9383603 50.0328992
19.9794443 50.0236224
19.9220062 50.0449878
19.9278252 50.0145601
19.9293893 50.0157663
19.9309567 50.0485794
19.9389434 50.0506694
19.9408506 50.0584617
19.9460278 50.0572586
19.9445456 50.0573091
19.9511319 50.0511125
19.9033929 50.062986
19.9451458 50.0650486
19.9375141 50.0696301
19.9375456 50.0696427
19.9396806 50.0749597
19.9365818 50.0734866
19.9425326 50.0592284
19.9589469 50.0569182
19.9602845 50.0578951
19.9488829 50.058652
19.9488242 50.0586812
20.0124519 50.1021105
19.9448387 50.0707403
19.964696 50.0134483
19.9557877 50.0124344
19.9453912 50.0678045
19.9218471 50.0533952
19.9573315 50.0739424
19.9542753 50.0704765
19.9546076 50.0709903
19.9791889 50.0607203
19.9667934 50.0600009
19.9625285 50.0588582
19.9962918 50.065499
19.9974971 50.0656706
19.9762903 50.0595975
20.0204967 50.0756512
20.0122007 50.0692017
20.0651672 50.0946126
20.0670509 50.0696764
20.1173283 50.0726187
20.0126144 50.0955943
20.0130545 50.0985147
19.9963974 50.0952799
20.0001135 50.0944163
19.9288508 50.0670281
19.8885947 50.0815216
19.9006875 50.0777617
19.9013113 50.0771494
20.0383798 50.0713062
20.0521338 50.0686049
19.9450491 50.0709589
19.9676684 50.0489358
20.0006189 50.040189
20.0005591 50.040229
19.9651699 50.0496962
19.9592292 50.0584493
19.9265377 50.0131728
19.9211317 50.0316083
19.9202166 50.0318688
19.9396227 50.0544532
19.9325929 50.0221016
19.9710558 50.0326846
19.9475294 50.0499565
19.950603 50.0506255
19.990214 50.0644402
19.9888731 50.0641686
20.0180203 50.0741826
20.0160879 50.0735724
20.0188582 50.0732996
20.0170793 50.0727862
19.9339225 50.0245772
19.9770683 50.0334663
19.9770279 50.0335001
19.982964 50.0398131
19.9904417 50.0735093
19.9904354 50.0735445
19.9852019 50.0720961
19.8894199 50.0184823
19.9174007 50.0526224
19.9406607 50.0754769
19.945075 50.071152
20.023293 50.0156671
19.9331143 50.021001
19.9504195 50.0135729
20.1173144 50.0726719
20.0652754 50.0949191
19.9017795 50.0771144
19.9068009 50.0753634
19.954231 50.0950792
20.0914865 50.0689442
19.940736 50.0754623
19.9316963 50.0203292
19.9362647 50.0177785
19.9363184 50.0177904
19.9440994 50.0151187
19.9444358 50.0150821
19.9480372 50.0140511
19.9476668 50.014164
19.9325406 50.0221143
19.9341357 50.0837306
19.9327919 50.0889231
19.9327592 50.0888067
19.9416273 50.09601
20.0598713 50.0674719
20.0598714 50.0675062
19.9574748 50.10184
19.9573234 50.101643
19.9559921 50.0977666
19.9560962 50.0979765
19.9539919 50.0951409
19.9478742 50.0959422
19.9413592 50.0959586
19.9348188 50.0950018
19.9350909 50.0948617
19.929935 50.0940105
19.9299194 50.0939405
19.9475507 50.0960365
19.9316732 50.0603842
19.9763283 50.0273844
19.9763605 50.0273969
19.9767153 50.0270589
19.9766824 50.0270448
19.9763283 50.0273844